傑 0 2 0 0 0 0 0 0 0 0 
Ｇ 0 1 0 0 1 0 0 0 0 0 
Ｆ 0 1 0 0 0 0 0 0 0 0 
賽 0 0 0 0 0 0 1 0 0 0 
馬 0 2 0 0 0 0 0 0 0 0 
Ｃ 0 1 0 0 0 0 0 0 0 0 
克 0 1 0 0 0 0 1 0 0 0 
先 0 0 1 0 0 0 0 0 0 0 
巴 0 1 0 0 0 0 0 0 0 0 
基 0 0 0 0 0 0 1 0 0 0 
９ 3 0 0 0 0 0 0 0 0 0 
８ 0 0 0 0 0 1 0 0 0 0 
７ 0 0 0 0 0 2 0 0 0 0 
面 0 0 0 0 0 0 0 1 0 0 
差 0 1 0 0 0 0 1 0 0 0 
５ 1 0 0 0 0 2 0 0 0 0 
迪 0 1 0 0 0 0 0 0 0 0 
３ 1 0 0 0 0 0 0 0 0 0 
２ 2 0 0 0 0 0 0 0 0 0 
１ 1 0 0 0 0 1 0 0 0 0 
０ 0 0 0 0 0 3 0 0 0 0 
地 0 0 0 0 0 0 0 1 0 0 
奧 0 1 0 0 0 0 0 0 0 0 
百 70 0 1 0 0 1 0 0 0 0 
托 0 0 0 0 0 0 1 0 0 0 
挖 0 0 0 1 0 0 0 0 0 0 
泉 0 0 0 0 0 0 0 1 0 0 
明 0 0 0 0 0 0 0 1 0 0 
提 0 0 0 0 0 0 1 0 0 0 
隊 0 0 0 0 0 0 1 0 0 0 
扎 0 1 0 0 0 0 0 0 0 0 
卡 0 1 0 0 0 0 0 0 0 0 
索 0 1 0 0 0 0 0 0 0 0 
松 0 0 0 0 0 0 1 0 0 0 
格 0 0 0 0 0 0 2 0 0 0 
根 0 1 0 0 0 0 0 0 0 0 
憂 0 0 0 0 0 0 0 1 0 0 
安 0 4 0 0 0 0 0 0 0 0 
瓦 0 1 0 0 0 0 0 0 0 0 
守 0 0 1 0 0 0 0 0 0 0 
幾 0 0 1 0 0 0 0 0 0 0 
浪 0 0 0 0 0 0 0 1 0 0 
娃 0 0 0 0 0 0 3 0 0 0 
東 0 0 0 0 0 0 1 0 0 0 
森 0 0 0 0 0 0 2 0 0 0 
y 0 0 0 0 0 0 2 0 0 1 
麥 0 1 0 0 0 0 0 0 0 0 
u 0 0 0 0 1 0 1 0 0 0 
t 0 0 0 0 1 0 1 0 0 2 
s 0 0 0 0 0 0 0 0 0 1 
千 1 0 0 0 0 0 0 0 0 0 
上 0 0 1 0 0 0 0 0 0 0 
三 9 0 0 0 0 13 0 0 0 0 
十 2 0 0 0 0 1 0 0 0 0 
億 0 0 0 0 0 47 0 0 0 0 
o 0 0 0 0 0 0 1 0 0 1 
n 0 0 0 0 0 0 4 0 0 1 
l 0 0 0 0 0 0 0 0 1 0 
約 0 1 0 0 0 0 0 0 0 0 
七 8 0 0 0 0 14 0 0 0 0 
丁 0 0 0 0 0 0 1 0 0 0 
i 0 0 0 1 0 0 2 0 0 0 
司 0 1 0 0 0 0 0 0 0 0 
h 0 0 0 0 0 0 0 0 0 1 
一 45 0 0 0 0 4 0 0 0 0 
g 0 0 0 0 0 0 3 0 1 1 
e 0 0 0 0 0 0 1 0 0 0 
比 0 1 0 0 0 0 0 0 0 0 
d 0 0 0 0 0 0 1 1 1 1 
c 0 0 1 0 1 0 0 0 0 0 
夫 0 0 0 0 0 0 2 0 0 0 
理 0 2 0 0 0 0 0 0 0 0 
a 0 0 0 0 0 0 1 0 0 0 
省 0 0 0 0 0 0 1 0 0 0 
英 0 0 1 0 0 0 0 0 0 0 
尤 0 1 0 0 0 0 0 0 0 0 
Z 0 1 0 0 0 0 0 0 0 0 
裡 0 1 0 0 0 0 1 0 0 0 
X 0 0 0 0 0 0 1 0 0 0 
尚 0 1 0 0 0 0 0 0 0 0 
T 0 2 0 1 0 0 0 0 0 0 
佩 0 1 0 0 0 0 0 0 0 0 
S 0 4 0 0 1 0 0 0 0 0 
回 0 0 0 0 0 0 0 1 0 0 
多 0 0 0 0 0 8 0 0 0 0 
猶 0 0 1 0 0 0 0 0 0 0 
P 0 1 0 0 1 0 0 0 0 0 
四 8 0 0 0 0 15 0 0 0 0 
式 0 0 0 0 0 0 0 0 1 0 
N 0 1 0 0 0 0 0 0 0 1 
拉 0 1 0 0 0 0 2 0 0 0 
M 0 1 0 0 0 0 0 0 0 0 
裕 0 0 0 0 0 0 1 0 0 0 
少 0 0 1 0 0 0 0 0 0 0 
L 0 1 0 0 0 0 0 0 0 0 
K 0 1 0 0 1 0 0 0 0 0 
塔 0 0 0 0 0 0 1 0 0 0 
門 0 0 0 0 0 0 1 0 0 0 
阿 0 1 0 0 0 0 0 0 0 0 
班 0 1 0 0 0 0 0 0 0 0 
H 0 0 0 0 1 0 0 0 0 0 
亞 0 0 0 0 0 0 1 0 0 0 
F 0 1 0 0 2 0 0 0 0 0 
C 0 3 0 1 1 0 0 0 0 0 
B 0 2 0 0 0 0 0 0 0 0 
零 0 0 0 0 0 1 0 0 0 0 
長 0 0 1 0 0 0 0 0 0 0 
五 6 0 0 0 0 17 0 0 0 0 
葉 0 1 0 0 0 0 0 0 0 0 
及 0 0 0 0 0 0 0 1 0 0 
諾 0 1 0 0 0 0 1 0 0 0 
普 0 0 0 0 0 0 1 0 0 0 
德 0 0 0 0 0 0 1 0 0 0 
斯 0 0 0 0 0 0 4 0 0 0 
本 0 2 0 0 0 0 0 0 0 0 
二 21 0 0 0 0 7 0 0 0 0 
ｓ 0 0 0 0 0 0 1 0 0 0 
寬 0 1 0 0 0 0 0 0 0 0 
楚 0 0 0 0 0 0 1 0 0 0 
餘 0 0 0 0 0 2 0 0 0 0 
ｌ 0 0 0 0 0 0 0 0 0 1 
烈 0 0 0 0 0 0 1 0 0 0 
柔 0 0 0 0 0 0 0 1 0 0 
萬 0 0 0 0 0 24 0 0 0 0 
珀 0 1 0 0 0 0 0 0 0 0 
ｅ 0 0 0 0 0 0 1 0 0 0 
六 8 0 0 0 0 14 0 0 0 0 
八 4 0 0 0 0 11 0 0 0 0 
爾 0 0 0 0 0 0 4 0 0 0 
兩 2 0 0 0 0 0 0 0 0 0 
有 0 0 1 0 0 0 0 0 0 0 
樂 0 0 0 0 0 0 0 1 0 0 
皮 0 1 0 0 0 0 0 0 0 0 
後 0 0 1 0 0 0 0 0 0 0 
希 0 1 0 0 0 0 0 0 0 0 
瑪 0 1 0 0 0 0 0 0 0 0 
九 4 0 0 0 0 8 0 0 0 0 
列 0 0 0 0 0 0 1 0 0 0 
Ｎ 0 0 0 0 0 0 1 0 0 0 
愁 0 0 0 0 0 0 0 1 0 0 
布 0 1 0 0 0 0 0 0 0 0 
