Ｇ 0 0 1 0 0 0 0 0 0 0 0 0 
馬 0 0 0 1 0 0 0 0 0 0 0 0 
克 0 0 0 3 0 0 0 0 0 2 0 0 
伊 0 0 0 0 0 0 0 0 0 1 0 0 
巴 0 0 0 1 0 0 0 0 0 1 0 0 
基 0 0 0 0 0 0 0 0 0 2 0 0 
彭 0 0 0 1 0 0 0 0 0 0 0 0 
穆 0 0 0 1 0 0 0 0 0 0 0 0 
２ 1 0 0 0 0 0 0 0 0 0 0 0 
１ 2 0 0 0 0 0 0 0 0 0 0 0 
耶 0 0 0 0 0 0 0 0 0 1 0 0 
林 0 0 0 0 0 0 0 0 0 1 0 0 
丹 0 0 0 1 0 0 0 0 0 0 0 0 
蘭 0 0 0 0 0 0 0 0 0 1 0 0 
凱 0 0 0 1 0 0 0 0 0 0 0 0 
） 0 0 0 0 0 0 0 0 0 2 0 0 
奧 0 0 0 0 0 0 0 0 0 1 0 0 
頓 0 0 0 0 0 0 0 0 0 1 0 0 
百 140 0 0 0 0 0 0 0 0 0 0 0 
托 0 0 0 2 0 0 0 0 0 0 0 0 
提 0 0 0 0 0 0 0 0 0 2 0 0 
娜 0 0 0 0 0 0 0 0 0 1 0 0 
崔 0 0 0 1 0 0 0 0 0 0 0 0 
卡 0 0 0 1 0 0 0 0 0 0 0 0 
加 0 0 0 1 0 0 0 0 0 1 0 0 
博 0 0 0 0 0 0 0 0 0 1 0 0 
松 0 0 0 0 0 0 0 0 0 2 0 0 
格 0 0 0 1 0 0 0 0 0 0 0 0 
安 0 0 0 3 0 0 0 0 0 1 0 0 
鐵 0 0 0 1 0 0 0 0 0 0 0 0 
哈 0 0 0 1 0 0 0 0 0 0 0 0 
威 0 0 0 1 0 0 0 0 0 0 0 0 
y 0 0 0 0 0 0 0 0 1 1 0 0 
w 0 0 1 0 0 0 0 0 3 0 0 0 
u 0 0 0 0 0 0 0 0 0 1 0 0 
t 0 0 0 0 0 0 0 0 1 1 0 0 
s 0 0 0 0 0 0 0 0 4 0 0 0 
r 0 0 1 0 0 0 0 0 1 0 0 0 
農 0 0 0 0 0 0 0 0 0 1 0 0 
千 0 0 0 0 0 0 2 0 0 0 0 0 
三 17 0 0 0 0 0 20 0 0 0 0 0 
億 0 0 0 0 0 0 99 0 0 0 0 0 
十 4 0 0 0 0 0 4 0 0 0 0 0 
摩 0 0 0 1 0 0 0 0 0 0 0 0 
n 0 0 0 0 0 0 0 0 1 4 0 0 
m 0 0 0 0 0 0 0 0 1 2 0 0 
l 0 0 0 0 0 0 0 3 0 2 0 0 
k 0 0 1 0 0 0 0 0 0 1 0 0 
七 10 0 0 0 0 0 15 0 0 0 0 0 
仁 0 0 0 0 0 0 0 0 0 1 0 0 
i 0 1 0 0 0 0 0 0 0 1 0 0 
h 0 0 0 0 0 0 0 0 1 0 0 0 
一 71 0 0 0 0 0 12 0 0 0 0 0 
g 0 0 0 0 0 0 0 1 0 1 0 0 
孫 0 0 0 1 0 0 0 0 0 0 0 0 
e 0 0 0 0 0 0 0 3 1 1 0 0 
c 0 1 0 0 0 0 0 0 0 0 0 0 
夫 0 0 0 0 0 0 0 0 0 2 0 0 
b 0 1 1 0 0 0 0 0 0 0 0 0 
a 0 0 0 0 0 0 0 0 0 2 0 0 
貢 0 0 0 0 0 0 0 0 0 1 0 0 
莫 0 0 0 0 0 0 0 0 0 1 0 0 
W 0 0 0 2 0 0 0 0 0 0 0 0 
達 0 0 0 1 0 0 0 0 0 1 0 0 
維 0 0 0 1 0 0 0 0 0 0 0 0 
U 0 0 1 0 0 0 0 0 0 0 0 0 
塞 0 0 0 1 0 0 0 0 0 0 0 0 
T 0 0 0 2 0 0 0 0 1 0 0 0 
流 0 0 0 0 0 0 0 0 0 1 0 0 
S 0 0 2 1 0 0 0 0 0 1 0 0 
佩 0 0 0 1 0 0 0 0 0 0 0 0 
特 0 0 0 0 0 0 0 0 0 3 0 0 
R 0 0 3 1 0 0 0 0 0 0 0 0 
Q 0 0 0 1 0 0 0 0 0 0 0 0 
尕 0 0 0 1 0 0 0 0 0 0 0 0 
P 0 0 0 4 0 0 0 0 0 0 0 0 
四 15 0 0 0 0 0 23 0 0 0 0 0 
N 0 1 0 0 0 0 0 0 0 0 0 0 
M 0 1 0 0 0 0 0 0 1 0 0 0 
「 0 0 0 0 1 0 0 0 0 0 0 0 
K 0 0 1 1 0 0 0 0 0 0 0 0 
阿 0 0 0 2 0 0 0 0 0 0 0 0 
亞 0 0 0 1 0 0 0 0 0 0 0 0 
G 0 0 0 1 0 0 0 0 0 0 0 0 
D 0 0 0 1 0 0 0 0 0 1 0 0 
C 0 1 2 2 0 0 0 0 0 0 0 0 
B 0 0 0 2 0 0 0 0 0 0 0 0 
A 0 1 1 1 0 0 0 0 0 0 0 0 
何 0 0 0 1 0 0 0 0 0 0 0 0 
五 7 0 0 0 0 0 23 0 0 0 0 0 
雲 0 0 0 0 0 0 0 0 0 1 0 0 
汪 0 0 0 1 0 0 0 0 0 0 0 0 
朱 0 0 0 2 0 0 0 0 0 0 0 0 
9 0 0 0 0 0 1 0 0 0 0 0 1 
8 0 0 0 0 0 0 1 0 0 0 0 0 
德 0 0 0 1 0 0 0 0 0 1 0 0 
斯 0 0 0 0 0 0 0 0 0 4 0 0 
興 0 0 0 0 0 0 0 0 0 1 0 0 
6 0 0 0 0 0 0 1 0 0 0 0 0 
5 0 0 0 0 0 0 3 0 0 0 0 0 
二 28 0 0 0 0 0 18 0 0 0 0 0 
3 0 0 0 0 0 0 0 0 0 0 0 1 
2 7 0 0 0 0 0 1 0 0 0 0 0 
1 0 0 1 0 0 1 1 0 0 0 0 0 
秋 0 0 0 0 0 0 0 0 0 1 0 0 
路 0 0 0 1 0 0 0 0 0 0 0 0 
ｗ 0 0 2 0 0 0 0 0 0 0 0 0 
洛 0 0 0 1 0 0 0 0 0 0 0 0 
去 0 0 0 0 0 0 0 0 0 0 1 0 
錢 0 0 0 1 0 0 0 0 0 0 0 0 
烏 0 0 0 1 0 0 0 0 0 0 0 0 
餘 0 0 0 0 0 0 1 0 0 0 0 0 
ｎ 0 0 0 0 0 0 0 0 1 0 0 0 
ｍ 0 0 0 0 0 0 0 0 1 0 0 0 
萬 0 0 0 0 0 0 43 0 0 0 0 0 
薩 0 0 0 1 0 0 0 0 0 0 0 0 
六 9 0 0 0 0 0 15 0 0 0 0 0 
八 3 0 0 0 0 0 16 0 0 0 0 0 
利 0 0 0 0 0 0 0 0 0 1 0 0 
爾 0 0 0 0 0 0 0 0 0 3 0 0 
兩 1 0 0 0 0 0 0 0 0 0 0 0 
義 0 0 0 0 0 0 0 0 1 0 0 0 
父 0 0 1 0 0 0 0 0 0 0 0 0 
讓 0 0 0 1 0 0 0 0 0 0 0 0 
希 0 0 0 1 0 0 0 0 0 0 0 0 
富 0 0 0 1 0 0 0 0 0 0 0 0 
九 5 0 0 0 0 0 22 0 0 0 0 0 
