滕 0 0 0 0 0 0 0 0 0 0 2 0 0 0 0 0 
四 0 34 0 0 0 0 0 0 0 12 0 0 0 0 0 0 
毒 0 0 0 0 0 0 0 0 0 0 0 0 0 0 1 0 
資 0 0 0 1 0 0 0 0 0 0 0 0 0 0 0 0 
拒 0 0 0 0 1 0 0 0 0 0 0 0 0 0 0 0 
族 0 0 0 0 0 0 0 0 0 0 0 0 2 0 0 0 
拉 0 0 3 0 0 0 0 0 0 0 0 0 0 0 0 0 
反 0 0 0 0 2 0 1 0 0 0 0 0 0 0 0 0 
姆 0 0 0 0 0 0 0 0 0 0 1 0 0 0 0 0 
鮭 0 0 0 0 0 0 0 0 0 0 0 0 1 0 0 0 
辰 0 0 1 0 0 0 0 0 0 0 0 0 0 0 0 0 
施 0 0 1 0 0 0 0 0 0 0 0 0 0 0 0 0 
風 0 0 0 1 0 0 0 0 0 0 0 0 0 0 0 0 
肯 0 0 1 0 0 0 0 0 0 0 0 0 0 0 0 0 
麥 0 0 2 0 0 0 0 0 0 0 0 0 0 0 0 0 
維 0 0 2 0 0 0 0 0 0 0 0 0 0 0 0 0 
去 0 0 0 0 1 0 0 0 0 0 0 0 0 0 0 0 
德 0 0 2 0 0 0 0 0 0 0 4 0 0 0 0 0 
熱 0 0 0 0 0 0 1 0 0 0 0 0 0 0 0 0 
新 0 0 2 0 0 0 0 0 0 0 0 0 0 0 0 0 
斯 0 0 5 0 0 0 0 0 0 0 10 0 0 0 0 0 
貝 0 0 1 0 0 0 0 0 0 0 0 0 0 0 0 0 
厭 0 0 0 0 0 0 0 0 0 0 0 1 0 0 0 0 
綜 0 0 0 0 0 0 1 0 0 0 0 0 0 0 0 0 
岡 0 0 1 0 0 0 0 0 0 0 0 0 0 0 0 0 
徒 0 0 0 0 1 0 0 0 0 0 0 0 0 0 0 0 
嚎 0 0 0 0 1 0 0 0 0 0 0 0 0 0 0 0 
長 0 0 0 0 0 0 0 0 0 0 0 0 2 0 0 0 
空 0 0 0 0 1 0 1 0 0 0 0 0 0 0 0 0 
聲 0 0 0 0 0 0 0 0 0 0 0 0 1 0 0 0 
聯 0 0 0 0 1 0 0 0 0 0 0 0 0 0 0 0 
噶 0 0 1 0 0 0 0 0 0 0 0 0 0 0 0 0 
女 0 0 0 0 1 0 0 0 0 0 0 0 0 0 0 0 
山 0 0 0 0 0 0 0 0 0 0 1 0 0 0 0 0 
危 0 0 1 0 0 0 0 0 0 0 0 0 0 0 0 0 
印 0 0 1 0 0 0 0 0 0 0 0 1 0 0 0 0 
奧 0 0 1 0 0 0 0 0 0 0 0 0 0 0 0 0 
層 0 0 0 0 0 0 0 0 0 0 0 0 1 0 0 0 
聖 0 0 3 0 0 0 0 0 0 0 0 0 0 0 0 0 
額 0 0 1 0 0 0 0 0 0 0 0 0 0 0 0 0 
卡 0 0 1 0 0 0 0 0 0 0 3 0 0 0 0 0 
托 0 0 0 0 0 0 0 0 0 0 1 0 0 0 0 0 
轉 0 0 0 0 0 0 0 0 0 0 0 1 0 0 0 0 
博 0 0 2 0 0 0 0 0 0 0 0 0 0 0 0 0 
歐 0 0 1 0 0 0 0 0 0 0 0 0 0 0 0 0 
奔 0 0 0 0 1 0 0 0 0 0 0 0 0 0 0 0 
手 0 0 0 0 0 0 0 0 0 0 0 1 0 0 0 0 
奉 0 0 1 0 0 0 0 0 0 0 0 0 0 0 0 0 
桃 0 0 0 1 0 0 0 0 0 0 0 0 0 0 0 0 
奇 0 0 1 0 0 0 0 0 0 0 2 0 0 0 0 0 
假 0 0 0 1 0 0 0 0 0 0 0 0 0 0 0 0 
所 0 0 1 0 0 0 0 0 0 0 0 0 0 0 0 0 
頭 0 0 0 0 0 0 0 0 0 0 0 1 0 0 0 0 
格 0 0 1 0 0 0 0 0 0 0 0 0 0 0 0 0 
千 0 1 0 0 0 0 0 0 0 1 0 0 0 0 0 0 
茲 0 0 0 0 0 0 0 0 0 0 1 0 0 0 0 0 
十 1 25 0 0 0 0 0 0 0 9 0 0 0 0 0 1 
尼 0 0 1 0 0 0 0 0 0 0 1 0 0 0 0 0 
強 0 0 0 0 0 0 0 0 0 2 0 0 0 0 0 0 
戶 0 0 0 0 0 0 0 0 0 0 0 0 1 0 0 0 
港 0 0 0 0 0 0 0 0 0 0 1 0 0 0 0 0 
索 0 0 1 0 0 0 0 0 0 0 2 0 0 0 0 0 
素 0 0 0 0 0 0 0 0 0 0 1 0 0 0 0 0 
渥 0 0 0 0 0 0 0 0 0 0 1 0 0 0 0 0 
夫 0 0 0 0 0 0 0 0 0 0 7 0 0 0 0 0 
天 0 0 0 0 0 0 1 0 0 0 0 0 0 0 0 0 
無 0 0 0 0 1 0 0 0 0 0 0 0 0 0 0 0 
大 0 0 0 0 1 0 0 0 0 0 1 0 0 0 0 0 
次 0 0 0 0 0 0 0 0 0 0 0 1 0 0 0 0 
級 0 0 0 0 0 0 0 0 0 0 0 0 0 0 2 0 
尤 0 0 1 0 0 0 0 0 0 0 0 0 0 0 0 0 
紐 0 0 1 0 0 0 0 0 0 0 0 0 0 0 0 0 
多 0 0 0 0 0 0 0 0 0 67 2 0 0 0 0 0 
弗 0 0 2 0 0 0 0 0 0 0 0 0 0 0 0 0 
納 0 0 1 0 0 0 0 0 0 0 0 0 0 0 0 0 
蘇 0 0 0 0 0 0 0 0 0 0 1 0 0 0 0 0 
化 0 0 0 0 0 0 0 0 0 0 0 1 0 0 0 0 
成 0 0 0 0 1 0 0 0 0 0 0 0 0 0 0 0 
者 0 0 0 0 0 0 0 0 0 0 0 0 2 0 0 0 
式 0 0 0 0 0 0 0 0 0 0 0 0 0 0 9 0 
約 0 0 3 0 0 0 0 0 0 0 0 0 0 0 0 0 
考 0 0 0 0 1 0 0 0 0 0 0 0 0 0 0 0 
們 0 0 0 0 0 0 0 0 0 0 0 0 3 0 0 0 
老 0 0 1 0 0 0 0 0 0 0 0 0 0 0 0 0 
清 0 0 0 0 0 0 0 0 0 0 0 1 0 0 0 0 
戈 0 0 1 0 0 0 0 0 0 0 0 0 0 0 0 0 
省 0 0 0 0 0 0 0 0 0 0 3 0 0 0 0 0 
專 0 0 0 0 0 0 1 0 0 0 0 0 0 0 0 0 
相 0 0 0 1 0 0 0 0 0 0 0 0 0 0 0 0 
櫻 0 0 0 0 1 0 0 0 0 0 0 0 0 0 0 0 
建 0 0 0 0 0 0 1 0 0 0 0 0 0 0 0 0 
寸 0 0 0 0 0 0 0 0 0 1 0 0 0 0 0 0 
廳 0 0 0 0 1 0 0 0 0 0 0 0 0 0 0 0 
盧 0 0 0 0 0 0 0 0 0 0 1 0 0 0 0 0 
俱 0 0 0 0 1 0 0 0 0 0 0 0 0 0 0 0 
高 0 0 0 1 1 0 0 0 0 0 0 0 0 0 0 0 
裝 0 0 0 0 0 0 0 0 0 0 0 0 1 0 0 0 
查 0 0 1 0 0 0 0 0 0 0 0 0 0 0 0 0 
盟 0 0 0 0 0 0 0 0 0 0 1 0 0 0 0 0 
廠 0 0 0 0 0 0 0 0 0 0 0 0 1 0 0 0 
里 0 0 1 0 0 0 0 0 0 0 0 0 0 0 0 0 
勞 0 0 0 0 0 0 2 0 0 0 0 0 0 0 0 0 
科 0 0 0 0 0 0 0 0 0 0 1 0 0 0 0 0 
保 0 0 1 0 0 0 0 0 0 0 0 0 0 0 0 0 
烏 0 0 3 0 0 0 0 0 0 0 0 0 0 0 0 0 
寒 0 0 0 0 0 0 0 0 0 0 0 2 0 0 0 0 
勒 0 0 0 0 0 0 0 0 0 0 1 0 0 0 0 0 
骨 0 0 0 0 1 0 0 0 0 0 0 0 0 0 0 0 
薩 0 0 2 0 0 0 0 0 0 0 1 0 0 0 0 0 
家 0 0 0 0 1 0 0 0 0 0 0 0 0 0 0 0 
義 0 0 0 0 0 0 0 0 0 0 0 0 6 0 0 0 
群 0 0 0 1 0 0 0 0 0 0 0 0 0 0 0 0 
庫 0 0 2 0 0 0 0 0 0 0 0 0 0 0 0 0 
喬 0 0 3 0 0 0 0 0 0 0 0 0 0 0 0 0 
助 0 0 0 0 0 0 0 0 0 0 1 0 0 0 0 0 
加 0 0 0 0 0 0 1 0 0 0 4 0 0 0 0 0 
羅 0 0 5 0 0 0 0 0 0 0 1 0 0 0 0 0 
率 0 0 0 0 0 0 0 0 0 0 0 0 1 0 0 0 
安 0 0 2 0 0 0 0 0 0 0 1 0 0 0 0 0 
百 0 20 0 0 0 0 0 0 0 3 0 0 0 0 0 0 
白 0 0 1 0 0 0 0 0 0 0 0 0 0 0 0 0 
松 0 0 2 0 0 0 0 0 0 0 4 0 0 0 0 0 
幾 0 0 0 0 0 0 0 0 0 1 0 0 0 0 0 0 
喀 0 0 1 0 0 0 0 0 0 0 0 0 0 0 0 0 
米 0 0 5 0 0 0 0 0 0 0 0 0 0 0 0 0 
海 0 0 0 0 0 0 0 0 0 0 1 0 0 0 0 0 
年 0 0 0 0 0 0 0 0 150 0 0 0 1 0 0 0 
東 0 0 1 0 0 0 0 0 0 0 0 0 0 0 0 0 
杯 0 0 0 0 0 0 0 0 0 0 1 0 0 0 0 0 
非 0 0 0 1 0 0 0 0 0 0 0 0 0 0 0 0 
副 0 0 0 0 3 0 1 0 0 0 0 0 0 0 0 0 
摩 0 0 1 0 0 0 0 0 0 0 1 0 0 0 0 0 
機 0 0 0 0 0 0 0 0 0 0 0 0 1 0 0 0 
季 0 0 1 0 0 0 0 0 0 0 0 0 0 0 0 0 
杜 0 0 1 0 0 0 0 0 0 0 0 0 0 0 0 0 
塞 0 0 2 0 1 0 0 0 0 0 1 0 0 0 0 0 
孔 0 0 0 1 0 0 0 0 0 0 0 0 0 0 0 0 
塔 0 0 2 0 0 0 0 0 0 0 0 0 0 0 0 0 
子 0 0 0 0 0 0 0 0 0 0 3 0 0 0 0 0 
航 0 0 0 0 0 0 1 0 0 0 0 0 0 0 0 0 
朱 0 0 2 0 0 0 0 0 0 0 0 0 0 0 0 0 
制 0 0 0 0 0 0 0 0 0 0 0 0 1 0 1 0 
礦 0 0 0 0 0 0 0 0 0 0 1 0 0 0 0 0 
師 0 0 0 0 0 0 0 0 0 0 0 0 1 0 0 0 
伯 0 0 1 0 0 0 0 0 0 0 2 0 0 0 0 0 
利 0 0 0 0 0 0 0 0 0 0 1 0 0 0 0 0 
霍 0 0 1 0 0 0 0 0 0 0 0 0 0 0 0 0 
樓 0 0 0 0 0 0 0 0 0 0 0 1 0 0 0 0 
興 0 0 0 0 0 0 0 0 0 0 0 0 1 0 0 0 
希 0 0 0 0 0 0 0 0 0 0 1 0 0 0 0 0 
有 0 0 0 1 0 0 0 0 0 0 0 0 0 0 0 0 
雷 0 0 2 0 0 0 0 0 0 0 0 0 0 0 0 0 
零 0 2 0 0 0 0 0 0 0 0 0 0 0 0 0 0 
嬉 0 0 0 0 0 0 1 0 0 0 0 0 0 0 0 0 
伊 0 0 1 0 0 0 0 0 0 0 0 0 0 0 0 0 
布 0 0 5 0 0 0 0 0 0 0 0 0 0 0 0 0 
跳 0 0 0 1 0 0 0 0 0 0 0 0 0 0 0 0 
分 0 0 0 0 0 0 0 0 3 0 0 0 0 0 0 0 
市 0 0 0 0 0 0 0 0 0 0 6 0 0 0 0 0 
曼 0 0 0 0 0 0 0 0 0 0 1 0 0 0 0 0 
蓬 0 0 0 0 0 0 0 0 0 0 1 0 0 0 0 0 
基 0 0 0 0 0 0 0 0 0 0 1 0 0 0 0 0 
跨 0 0 0 0 0 0 1 0 0 0 0 0 0 0 0 0 
更 0 0 0 1 0 0 0 0 0 0 0 0 0 0 0 0 
任 0 0 0 1 0 0 0 0 0 0 0 0 0 0 0 0 
難 0 0 0 0 0 0 0 0 0 0 0 1 0 0 0 0 
巴 0 0 2 0 2 0 0 0 0 0 0 0 0 0 0 0 
凱 0 0 1 0 1 0 0 0 0 0 0 0 0 0 0 0 
哥 0 0 2 0 0 0 0 0 0 0 0 0 0 0 0 0 
郎 0 0 0 0 0 0 0 0 0 0 2 0 0 0 0 0 
員 0 0 0 0 0 0 0 0 0 0 0 0 1 0 0 0 
州 0 0 0 0 0 0 0 0 0 0 2 0 0 0 0 0 
揚 0 0 0 0 0 0 0 0 0 0 1 0 0 0 0 0 
法 0 0 0 0 0 0 0 0 0 0 0 0 1 0 0 0 
雅 0 0 1 0 0 0 0 0 0 0 0 0 0 0 0 0 
症 0 0 0 0 0 0 0 0 0 0 0 0 4 0 0 0 
城 0 0 0 0 0 0 0 0 0 0 1 0 0 0 0 0 
情 0 0 0 0 0 0 0 0 0 0 0 0 1 0 0 0 
哈 0 0 1 0 0 0 0 0 0 0 0 0 0 0 0 0 
埃 0 0 1 0 0 0 0 0 0 0 0 0 0 0 0 0 
馬 0 0 5 0 2 0 0 0 0 0 0 0 0 0 0 0 
澳 0 0 1 0 0 0 0 0 0 0 0 0 0 0 0 0 
河 0 0 0 0 0 0 0 0 0 0 1 0 0 0 0 0 
人 0 0 0 0 0 0 0 0 0 0 1 0 2 0 0 0 
蒙 0 0 2 0 0 0 0 0 0 0 0 0 0 0 0 0 
亨 0 0 1 0 0 0 0 0 0 0 0 0 0 0 0 0 
沙 0 0 1 0 0 0 0 0 0 0 0 0 0 0 0 0 
隊 0 0 0 0 0 0 0 0 0 0 11 0 0 0 0 0 
亞 0 0 0 0 0 0 0 0 0 0 7 0 0 0 0 0 
超 0 0 0 0 1 0 0 0 0 0 0 0 0 0 0 0 
五 0 35 0 0 0 0 0 0 0 23 0 0 0 0 0 0 
型 0 0 0 0 0 0 0 0 0 0 0 0 0 0 4 0 
二 20 73 0 0 0 0 0 0 0 15 0 0 0 0 0 0 
特 0 0 0 0 0 0 0 0 0 0 3 0 0 0 0 0 
當 0 0 0 0 0 0 0 0 0 0 0 0 1 0 0 0 
赫 0 0 1 0 0 0 0 0 0 0 1 0 0 0 0 0 
呼 0 0 1 0 0 0 0 0 0 0 0 0 0 0 0 0 
繫 0 0 0 0 0 0 0 0 0 0 0 0 1 0 0 0 
普 0 0 1 0 0 0 0 0 0 0 0 0 0 0 0 0 
遠 0 0 0 0 0 0 0 0 0 0 0 1 0 0 0 0 
葡 0 0 1 0 0 0 0 0 0 0 0 0 0 0 0 0 
遜 0 0 0 0 0 0 0 0 0 0 1 0 0 0 0 0 
Ｖ 0 0 0 0 0 0 0 0 0 0 1 0 0 0 0 0 
恩 0 0 0 0 0 0 0 0 0 0 3 0 0 0 0 0 
Ｓ 0 0 0 0 1 0 0 0 0 0 0 0 0 0 0 0 
六 0 17 0 0 0 0 0 0 0 18 0 0 0 0 0 0 
恨 0 0 0 1 0 0 0 0 0 0 0 0 0 0 0 0 
Ｒ 0 0 0 0 0 0 0 0 0 0 0 0 1 0 0 0 
八 0 22 1 0 0 0 0 0 0 19 0 0 0 0 0 0 
兩 0 9 0 0 0 0 0 0 0 0 0 0 0 0 0 0 
達 0 0 1 0 1 0 0 0 0 0 0 0 0 0 0 0 
江 0 0 0 0 0 0 0 0 0 0 1 0 0 0 0 0 
坦 0 0 0 0 0 0 0 0 0 0 3 0 0 0 0 0 
Ｌ 0 0 0 0 0 0 0 0 0 0 1 0 0 0 0 0 
Ｆ 0 0 0 0 1 0 0 0 0 0 0 0 0 0 0 0 
Ｅ 0 0 2 0 0 0 0 0 0 0 0 0 0 0 0 0 
y 0 0 0 0 0 0 0 0 0 0 2 0 1 1 0 0 
Ｃ 0 1 2 0 1 0 0 0 0 0 2 0 0 0 0 0 
九 2 10 0 0 0 0 1 0 0 16 0 0 0 0 0 0 
Ａ 0 0 1 0 0 0 0 0 0 0 0 0 0 0 0 0 
u 0 0 0 0 0 0 0 0 0 0 1 0 0 0 0 0 
葉 0 0 1 0 0 0 0 0 0 0 0 0 0 0 0 0 
t 0 0 0 0 0 0 0 0 0 0 1 1 0 0 0 0 
s 0 0 0 0 0 0 0 0 0 0 1 0 0 0 1 0 
r 0 0 0 0 0 0 0 0 0 0 0 0 1 0 1 0 
阿 0 0 5 0 0 0 0 0 0 0 0 0 0 0 0 0 
o 0 0 0 0 0 0 0 0 0 0 1 0 1 0 0 0 
n 0 0 0 0 0 0 0 0 0 0 1 0 0 0 0 0 
９ 0 13 0 0 0 0 0 0 0 1 0 0 0 0 0 0 
m 0 0 0 0 1 0 0 0 0 0 0 0 0 0 0 0 
８ 0 3 0 0 0 0 0 0 0 1 0 0 0 0 0 0 
l 0 0 0 0 0 0 0 0 0 0 1 0 1 0 0 0 
７ 0 5 0 0 0 0 0 0 0 4 0 0 0 0 0 0 
６ 0 5 0 0 0 0 0 0 0 0 0 0 0 0 0 1 
５ 0 2 0 0 0 0 0 0 0 2 0 0 0 0 0 0 
４ 0 2 0 0 0 0 0 0 0 1 0 0 0 0 0 0 
i 0 0 0 0 0 0 0 0 0 0 1 0 0 0 0 0 
３ 0 4 1 0 0 0 0 0 0 2 0 0 0 0 0 0 
２ 9 8 0 0 0 0 0 0 0 4 0 0 0 0 0 0 
克 0 0 4 0 0 0 0 0 0 0 3 0 0 0 0 0 
１ 30 26 0 0 1 0 0 0 0 2 0 0 0 0 0 0 
e 0 0 0 0 0 0 0 0 0 0 3 0 1 0 0 0 
之 0 0 0 0 0 0 0 0 0 0 0 2 0 0 0 0 
０ 0 0 0 0 0 0 0 0 0 8 0 0 2 0 0 0 
d 0 0 0 1 1 0 0 0 0 0 0 0 0 0 0 0 
爾 0 0 0 0 0 0 0 0 0 0 10 0 0 0 0 0 
c 0 0 0 0 0 0 0 0 0 0 0 0 0 0 1 0 
進 0 0 0 0 0 0 0 0 0 0 1 0 0 0 0 0 
a 0 0 0 0 0 0 0 0 0 0 2 0 0 0 0 0 
男 0 0 0 0 0 0 0 0 0 0 1 0 0 0 0 0 
Z 0 0 1 0 0 0 0 0 0 0 0 0 0 0 0 0 
Y 0 0 0 0 0 0 0 0 0 0 2 0 0 0 0 0 
吼 0 0 0 0 0 0 0 0 0 0 1 0 0 0 0 0 
萬 0 0 0 1 0 0 0 0 0 81 0 0 0 0 0 0 
W 0 0 1 0 0 0 0 0 0 0 0 0 0 0 0 0 
田 0 0 2 0 0 0 0 0 0 0 0 0 0 0 0 0 
第 0 0 0 0 0 0 0 3 0 0 0 0 0 0 0 0 
T 0 0 3 0 0 0 0 0 0 0 1 0 0 0 0 0 
S 0 0 0 0 3 0 0 0 0 0 0 0 0 0 0 0 
丹 0 0 1 0 0 0 0 0 0 0 1 0 0 0 0 0 
R 0 0 0 0 1 0 0 0 0 0 0 0 0 0 0 0 
P 0 0 1 0 0 0 0 0 0 0 0 0 0 0 0 0 
O 0 0 0 0 0 0 0 0 0 0 3 0 0 0 0 0 
用 0 0 0 0 0 0 0 0 0 0 0 0 0 0 1 0 
N 0 0 1 0 0 0 0 0 0 0 1 0 0 0 0 0 
M 0 0 0 0 0 0 2 0 0 0 0 0 1 0 0 0 
L 0 0 0 0 0 0 0 0 0 0 0 0 1 0 0 0 
K 0 0 1 0 0 0 0 0 0 0 0 0 0 0 0 0 
餘 0 0 0 0 0 0 0 0 0 7 0 0 0 0 0 0 
J 0 0 1 0 0 1 0 0 0 0 0 0 0 0 0 0 
通 0 0 0 0 1 0 0 0 0 0 0 0 0 0 0 0 
I 0 0 3 0 0 0 0 0 0 0 0 0 0 0 0 0 
H 0 0 3 0 0 0 0 0 0 0 0 0 0 0 0 0 
中 0 0 0 0 0 0 1 0 0 0 0 0 0 0 0 0 
春 0 0 0 1 0 0 0 0 0 0 0 0 0 0 0 0 
漢 0 0 0 0 0 0 0 0 0 0 1 0 0 0 0 0 
生 0 0 0 0 1 0 1 0 0 0 0 1 0 0 0 0 
E 0 0 1 0 1 0 0 0 0 0 0 0 0 0 0 0 
D 0 0 1 0 2 0 0 0 0 0 0 0 1 0 0 0 
C 0 0 4 0 0 0 0 0 0 0 0 0 0 0 0 0 
B 0 0 1 0 0 0 1 0 0 0 0 0 0 0 0 0 
A 0 0 1 0 0 0 0 0 0 0 2 0 0 0 0 0 
思 0 0 0 0 1 0 0 0 0 0 0 0 0 0 0 0 
土 0 0 1 0 0 0 0 0 0 0 0 0 0 0 0 0 
娜 0 0 0 0 0 0 0 0 0 0 1 0 0 0 0 0 
9 0 1 0 0 0 0 0 0 0 3 0 0 0 0 0 0 
8 0 1 0 0 0 0 0 0 0 2 0 0 0 0 0 0 
7 0 8 0 0 0 0 0 0 0 1 0 0 0 0 0 0 
6 0 4 0 0 0 0 0 0 0 2 0 0 0 0 0 0 
5 0 4 0 0 0 0 0 0 0 1 0 0 0 0 0 0 
民 0 0 1 0 0 0 0 0 0 0 0 0 0 0 0 0 
4 0 0 0 0 0 0 0 0 0 6 0 0 0 0 0 0 
3 0 2 0 0 0 0 0 0 0 4 0 0 0 0 0 0 
圖 0 0 1 0 0 0 0 0 0 0 0 0 0 0 0 0 
2 2 4 0 0 0 0 0 0 0 2 0 0 0 0 0 0 
1 11 5 0 0 0 0 0 0 0 4 0 0 0 0 0 0 
0 0 0 0 0 0 0 0 0 0 4 0 0 0 0 0 0 
退 0 0 0 1 0 0 0 0 0 0 0 0 0 0 0 0 
鋼 0 0 0 0 0 0 0 0 0 0 0 1 0 0 0 0 
賽 0 0 0 0 1 0 0 0 0 0 0 0 2 0 0 0 
不 0 0 1 0 0 0 0 0 0 0 0 0 0 0 0 0 
下 0 0 0 0 0 0 0 0 0 0 0 1 0 0 0 0 
吉 0 0 1 0 0 0 0 0 0 0 0 0 0 0 0 0 
上 0 0 0 0 1 0 0 0 0 0 0 0 0 0 0 0 
三 0 44 0 0 1 0 0 1 0 11 0 0 0 0 0 0 
娃 0 0 0 0 0 0 0 0 0 0 4 0 0 0 0 0 
億 0 0 0 0 0 0 0 0 0 151 0 0 0 0 0 0 
威 0 0 0 0 1 0 0 0 0 0 0 0 0 0 0 0 
」 0 0 0 0 0 0 0 0 0 0 0 0 0 0 0 1 
七 0 19 0 0 0 0 0 0 0 12 0 0 0 0 0 1 
黨 0 0 0 0 0 0 0 0 0 0 2 0 0 0 0 0 
迪 0 0 1 0 0 0 0 0 0 0 0 0 0 0 0 0 
一 78 114 0 2 0 0 1 0 0 20 0 0 0 0 0 0 
島 0 0 0 0 0 0 0 0 0 0 2 0 0 0 0 0 
點 0 0 0 1 0 0 0 0 0 0 0 0 0 0 0 0 
賣 0 0 0 0 0 0 0 0 0 0 0 1 0 0 0 0 
森 0 0 0 0 0 0 0 0 0 0 1 0 0 0 0 0 
飛 0 0 0 0 0 0 0 0 0 0 0 1 0 0 0 0 
瓦 0 0 3 0 0 0 0 0 0 0 0 0 0 0 0 0 
古 0 0 2 0 0 0 0 0 0 0 0 0 0 0 0 0 
