熱 0 1 0 0 0 0 0 0 0 0 0 0 
謝 0 1 0 0 0 0 0 0 0 0 0 0 
德 0 0 0 0 0 0 0 2 0 0 0 0 
新 0 1 0 0 0 0 0 0 0 0 0 0 
斯 0 1 0 0 0 0 0 2 0 0 0 0 
門 0 0 0 0 0 0 0 1 0 0 0 0 
都 0 0 0 0 0 0 0 1 0 0 0 0 
零 0 0 0 0 0 0 1 0 0 0 0 0 
西 0 1 0 0 0 0 0 2 0 0 0 0 
妙 0 0 0 0 0 0 0 0 0 1 0 0 
帕 0 1 0 0 0 0 0 0 0 0 0 0 
文 0 1 0 0 0 0 0 0 0 0 0 0 
傑 0 0 0 0 0 0 0 2 0 0 0 0 
曼 0 0 0 0 0 0 0 1 0 0 0 0 
伊 0 2 0 0 0 0 0 0 0 0 0 0 
切 0 1 0 0 0 0 0 0 0 0 0 0 
分 0 0 0 0 0 0 0 0 0 0 1 0 
巾 0 0 1 0 0 0 0 0 0 0 0 0 
惶 0 0 1 0 0 0 0 0 0 0 0 0 
基 0 0 0 0 0 0 0 1 0 0 0 0 
巴 0 0 0 0 0 0 0 1 0 0 0 0 
聖 0 1 0 0 0 0 0 0 0 0 0 0 
凱 0 1 0 0 0 0 0 0 0 0 0 0 
奧 0 1 0 0 0 0 0 0 0 0 0 0 
州 0 0 0 0 0 0 0 3 0 0 0 0 
馳 0 0 0 0 0 0 0 1 0 0 0 0 
代 0 0 0 0 0 0 0 0 0 0 3 0 
桑 0 1 0 0 0 0 0 0 0 0 0 0 
馬 0 3 0 0 0 0 0 0 0 0 0 0 
奇 0 0 0 0 0 0 0 1 0 0 0 0 
放 0 0 1 0 0 0 0 0 0 0 0 0 
格 0 1 0 0 0 0 0 0 0 0 0 0 
哈 0 2 0 0 0 0 0 0 0 0 0 0 
琳 0 1 0 0 0 0 0 0 0 0 0 0 
准 0 0 0 0 0 0 0 0 1 0 0 0 
千 1 0 0 0 0 0 1 0 0 0 0 0 
ｎ 0 0 0 0 0 0 0 1 0 0 0 0 
十 15 0 0 0 0 0 9 0 0 0 0 0 
港 0 0 0 0 0 0 0 1 0 0 0 0 
戴 0 1 0 0 0 0 0 0 0 0 0 0 
素 0 0 0 0 0 0 0 1 0 0 0 0 
隊 0 0 0 0 0 0 0 7 0 0 0 0 
無 0 0 1 0 0 0 0 0 0 0 0 0 
夫 0 0 0 0 0 0 0 2 0 0 0 0 
紐 0 1 0 0 0 0 0 0 0 0 0 0 
Ｗ 0 1 0 0 0 0 0 0 0 0 0 0 
沙 0 1 0 0 0 0 0 0 0 0 0 0 
邁 0 1 0 0 0 0 0 0 0 0 0 0 
納 0 1 0 0 0 0 0 0 0 0 0 0 
倫 0 0 0 0 0 0 0 1 0 0 0 0 
避 0 0 2 0 0 0 0 0 0 0 0 0 
Ｒ 0 1 0 0 0 0 0 0 0 0 0 0 
眉 0 0 0 0 0 0 0 0 1 0 0 0 
Ｎ 0 0 0 1 0 0 0 1 0 0 0 0 
弗 0 2 0 0 0 0 0 0 0 0 0 0 
多 0 0 0 0 0 0 2 0 0 0 0 0 
亞 0 2 0 0 0 0 0 1 0 0 0 0 
Ｅ 0 1 0 0 0 0 0 0 0 0 0 0 
井 0 0 1 0 0 0 0 0 0 0 0 0 
五 10 0 0 0 0 0 21 0 0 0 0 0 
嘎 0 1 0 0 0 0 0 0 0 0 0 0 
腰 0 0 0 0 0 0 0 0 1 0 0 0 
特 0 1 0 0 0 0 0 2 0 0 0 0 
９ 0 0 0 0 0 0 3 0 0 0 0 0 
７ 1 0 0 0 0 0 1 0 0 0 0 0 
二 40 0 0 0 0 0 20 0 0 0 0 0 
６ 1 0 0 0 0 0 0 0 0 0 0 0 
５ 0 0 0 0 0 0 1 0 0 0 0 0 
異 0 0 0 1 0 0 0 0 0 0 0 0 
４ 3 0 0 0 0 0 0 0 0 0 0 0 
目 0 0 0 0 0 0 0 1 0 0 0 0 
３ 6 0 0 0 0 0 1 0 0 0 0 0 
２ 4 0 0 0 1 0 2 0 0 0 0 0 
極 0 0 0 0 0 0 0 0 1 0 0 0 
１ 13 0 0 0 0 0 1 0 0 0 0 0 
０ 1 0 0 0 0 0 4 0 0 0 0 0 
達 0 3 0 0 0 0 0 0 0 0 0 0 
業 0 0 0 0 0 0 0 0 0 1 0 0 
道 0 0 0 0 0 0 0 1 0 0 0 0 
普 0 0 0 0 0 0 0 2 0 0 0 0 
金 0 0 0 0 0 0 0 1 0 0 0 0 
里 0 1 0 0 0 0 0 0 0 0 0 0 
兵 0 0 0 1 0 0 0 0 0 0 0 0 
恩 0 0 0 0 0 0 0 2 0 0 0 0 
六 12 0 0 0 0 0 17 0 0 0 0 0 
阿 0 5 0 0 0 0 0 0 0 0 0 0 
科 0 1 0 0 0 0 0 0 0 0 0 0 
八 6 0 0 0 0 0 17 0 0 0 0 0 
坦 0 0 0 0 0 0 0 2 0 0 0 0 
兩 3 0 0 0 0 0 0 0 0 0 0 0 
內 0 0 0 0 0 0 0 1 0 0 0 0 
入 0 0 0 0 0 0 0 0 1 0 0 0 
烏 0 2 0 0 0 0 0 0 0 0 0 0 
保 0 1 0 0 0 0 0 0 0 0 0 0 
九 2 0 0 0 0 0 19 0 0 0 0 0 
爾 0 0 0 0 0 0 0 1 0 0 0 0 
為 0 0 1 0 0 0 0 0 0 0 0 0 
萬 0 0 0 0 0 0 58 2 0 0 0 0 
父 0 0 0 1 0 0 0 0 0 0 0 0 
脫 0 0 0 1 0 0 0 0 0 0 0 0 
克 0 1 0 0 0 0 0 1 0 0 0 0 
義 0 0 0 0 0 0 0 0 0 1 0 0 
餘 0 0 0 0 0 0 1 0 0 0 0 0 
水 0 0 0 0 0 0 0 0 1 0 0 0 
y 0 0 0 0 0 0 0 2 0 0 0 0 
俄 0 1 0 0 0 0 0 0 0 0 0 0 
x 0 0 0 0 0 0 0 1 0 0 0 0 
u 0 1 0 0 0 0 0 0 0 0 0 0 
t 0 0 0 1 0 0 0 0 0 1 0 0 
s 0 0 0 1 0 0 0 2 0 1 0 0 
r 0 0 0 1 0 0 0 0 0 3 0 0 
讓 0 1 0 0 0 0 0 0 0 0 0 0 
o 0 0 0 0 0 0 0 1 0 0 0 0 
n 0 1 0 0 0 0 0 5 0 1 0 0 
丹 0 1 0 0 0 0 0 0 0 0 0 0 
m 0 0 0 1 0 0 0 0 0 0 0 0 
l 0 0 0 0 0 0 0 0 0 1 0 0 
k 0 1 0 0 0 0 0 1 0 0 0 0 
地 0 0 0 0 0 0 0 0 0 1 0 0 
i 0 0 0 0 0 0 0 4 0 1 0 0 
e 0 0 0 0 0 0 0 2 1 3 0 1 
d 0 0 0 0 0 0 0 0 0 0 0 1 
c 0 0 0 1 0 0 0 0 0 1 0 0 
b 0 0 0 0 0 0 0 1 0 0 0 0 
a 0 0 0 0 0 0 0 2 0 0 0 0 
福 0 0 0 0 0 0 0 1 0 0 0 0 
思 0 0 0 0 0 0 0 1 0 0 0 0 
賽 0 0 0 0 0 0 1 0 0 1 0 0 
酸 0 0 0 0 0 0 0 0 0 1 0 0 
加 0 1 0 0 0 0 0 0 0 0 0 0 
U 0 0 0 0 0 1 0 0 0 0 0 0 
T 0 4 0 0 0 0 0 0 0 0 0 0 
S 0 1 0 1 0 0 0 0 0 1 0 0 
R 0 0 0 3 0 1 0 0 0 0 0 0 
依 0 1 0 0 0 0 0 0 0 0 0 0 
P 0 0 0 1 0 0 0 0 0 0 0 0 
O 0 0 0 0 0 0 0 1 0 0 0 0 
N 0 1 0 0 0 0 0 0 0 0 0 0 
M 0 4 0 0 0 0 0 0 0 0 0 0 
百 149 0 0 0 0 0 1 0 0 0 0 0 
L 0 2 0 0 0 0 0 0 0 0 0 0 
J 0 1 0 0 0 0 0 0 0 0 0 0 
迪 0 1 0 0 0 0 0 0 0 0 0 0 
H 0 2 0 0 0 0 0 0 0 0 0 0 
E 0 1 0 0 0 0 0 0 0 0 0 0 
D 0 1 1 1 0 0 0 0 0 0 0 0 
C 0 1 0 2 0 0 0 0 0 0 0 0 
B 0 1 0 0 0 0 0 0 0 0 0 0 
吉 0 1 0 0 0 0 0 0 0 0 0 0 
A 0 1 0 0 0 0 0 1 0 0 0 0 
不 0 0 1 0 0 0 0 0 0 0 0 0 
拾 0 0 0 0 0 0 0 0 1 0 0 0 
三 17 0 0 0 0 0 18 0 0 0 0 0 
億 0 0 0 0 0 0 121 0 0 0 0 0 
9 0 0 0 0 0 0 1 0 0 0 0 0 
8 0 0 0 0 0 0 1 0 0 0 0 0 
七 8 0 0 0 0 0 17 0 0 0 0 0 
6 0 0 0 0 0 0 1 0 0 0 0 0 
一 45 0 1 0 4 0 15 0 0 0 0 0 
島 0 0 0 0 0 0 0 1 0 0 0 0 
年 0 0 0 0 0 0 0 0 0 0 1 0 
3 0 0 0 0 0 0 1 0 0 0 0 0 
1 4 0 0 0 0 0 0 0 0 0 0 0 
峰 0 0 0 0 0 0 0 1 0 0 0 0 
. 0 0 0 0 0 0 0 0 0 1 0 0 
罕 0 0 0 0 0 0 0 1 0 0 0 0 
日 0 0 0 0 0 0 0 0 1 0 0 0 
比 0 0 0 0 0 0 0 2 0 0 0 0 
塞 0 1 0 0 0 0 0 0 0 0 0 0 
四 28 0 0 1 0 0 13 0 0 0 0 0 
農 0 0 0 1 0 0 0 0 0 0 0 0 
拉 0 1 0 0 0 0 0 1 0 0 0 0 
及 0 0 0 0 0 0 0 0 2 0 0 0 
姆 0 0 0 0 0 0 0 1 0 0 0 0 
